OK 70 71 83 97 98 48 97 
OK 17 3 
OK 84 73 97 77 94 5 77 
OK 74 62 18 0 68 76 76 65 42 
OK 77 96 38 26 
OK 75 14 74 40 62 58 65 
OK 0 57 2 55 75 83 70 10 
OK 60 17 64 7 55 
OK 35 58 52 74 48 61 26 
OK 73 91 89 1 
OK 71 26 68 88 86 21 10 27 19 
OK 3 17 94 21 65 
OK 21 72 23 75 
OK 62 2 26 76 76 18 
OK 10 97 61 48 3 
OK 83 50 73 43 67 
OK 7 75 
OK 4 80 75 0 23 64 1 42 
OK 1 50 13 24 
OK 12 16 18 29 48 69 92 51 
OK 12 14 
OK 79 65 11 66 48 62 39 44 81 
OK 93 26 84 59 99 57 34 75 36 
OK 56 62 74 56 85 90 57 
OK 86 97 
OK 54 92 
OK 98 44 48 73 2 68 26 
OK 21 78 41 13 81 88 34 
OK 51 81 67 63 95 75 
OK 7 26 54 59 18 50 
OK 1 74 0 53 
OK 48 49 13 
OK 28 20 22 65 58 
OK 9 65 14 79 
OK 99 70 47 47 95 49 
OK 23 7 41 44 85 35 58 18 
OK 2 0 24 35 20 40 82 95 30 
OK 31 81 41 9 87 
OK 56 75 1 40 61 81 12 36 47 
OK 37 46 79 37 95 44 12 
OK 98 69 82 45 
OK 77 66 
OK 46 35 
OK 35 49 62 29 94 0 16 4 
OK 87 75 35 7 
OK 0 1 24 41 11 63 46 90 
OK 54 97 93 3 53 69 56 45 82 
OK 21 90 39 66 2 91 
OK 8 37 31 30 87 52 12 84 
OK 10 40 34 
OK 30 7 
OK 48 78 83 
OK 95 67 
OK 39 19 90 39 20 66 
OK 34 36 9 83 
OK 30 79 74 82 72 47 72 
OK 36 99 72 82 81 62 91 52 
OK 74 7 79 5 17 
OK 82 38 27 95 22 48 36 53 7 
OK 66 60 40 45 96 40 91 35 59 
OK 2 47 2 9 33 39 
OK 32 48 8 15 30 87 89 
OK 21 82 53 20 54 87 53 69 
OK 89 37 
OK 68 5 92 7 33 39 81 33 
OK 63 82 85 69 51 
OK 40 56 70 95 55 73 4 41 64 
OK 17 17 52 14 13 45 
OK 85 56 62 57 
OK 4 39 23 36 
OK 2 31 32 72 0 89 64 59 
OK 52 69 19 93 34 30 34 71 57 
OK 2 7 30 27 48 38 49 43 
OK 91 74 55 42 31 68 12 
OK 47 35 38 21 
OK 26 13 17 32 61 74 
OK 77 59 32 39 60 47 
OK 62 63 20 14 33 91 
OK 19 23 34 83 34 
OK 74 94 90 31 35 24 
OK 97 25 14 4 84 3 14 
OK 93 41 83 6 27 78 
OK 8 71 21 36 29 52 2 48 
OK 71 41 59 61 38 37 75 42 21 
OK  13 54 2 48 
OK 27 30 
OK 53 80 71 83 32 25 83 35 
OK 77 19 
OK 8 95 62 82 26 70 43 91 24 
OK 36 75 66 67 
OK 72 14 25 55 98 3 38 34 
OK 63 34 12 30 43 
OK 77 33 15 20 76 
OK 16 28 94 82 47 
OK 19 94 
OK 92 69 65 78 
OK 41 66 
OK 61 82 16 38 68 31 59 44 75 
OK 3 71 47 
OK 35 21 97 1 48 42 70 14 
OK 76 14 
OK 38 34 86 
OK 6 90 84 2 65 13 15 68 
OK 70 40 49 91 38 51 40 
OK 6 52 
OK 18 1 86 8 35 72 
OK 30 5 96 32 70 62 47 90 99 
OK 39 11 3 
OK 95 9 35 
OK 15 36 32 68 22 41 56 
OK 6 76 13 65 8 35 27 8 
OK 69 89 17 80 92 47 94 
OK 82 93 22 49 81 7 
OK 8 74 1 8 42 29 21 59 
OK 8 98 85 16 
OK 40 73 28 71 14 
OK 63 14 49 70 59 56 59 79 1 
OK 85 45 66 91 7 50 
OK 33 49 46 
OK 86 77 69 9 91 92 
OK  33 76 18 90 88 
43 12 15 29 58 82 72 65 84 
6 70 67 52 
60 90 4 30 99 
74 36 54 33 69 82 
