OK 49 7 29 60 83 96 26 63 
OK 28 30 48 9 50 20 5 73 
OK 3 60 81 50 73 71 
OK 71 43 77 
OK 35 96 54 42 78 15 
OK 74 93 40 89 
OK 22 90 82 72 10 88 
OK 76 43 10 57 93 83 28 96 
OK 23 25 63 
OK 22 17 52 0 84 81 26 
OK 73 16 50 95 
OK 33 20 20 73 17 
OK 16 27 5 
OK 62 85 57 68 8 83 
OK 18 57 1 22 
OK 37 55 83 67 
OK 51 69 24 
OK 54 44 30 79 
OK 78 47 93 84 9 55 
OK 18 76 30 1 59 48 
OK 12 23 67 50 78 
OK 69 7 6 38 
OK 16 45 79 98 24 92 28 72 
OK 12 33 93 34 
OK 69 64 5 80 64 15 
OK 87 35 43 66 
OK 64 25 44 
OK 8 12 47 
62 24 31 91 48 69 
81 62 37 84 83 53 89 63 
57 56 5 92 51 
82 15 48 78 70 8 91 69 
53 93 79 96 
48 52 74 62 89 59 
95 0 8 13 9 17 18 1 
